   91 1993      0.0000      0.0000
   92 1993      0.0000      0.0000
   93 1993      0.0000      0.0000
   94 1993      0.0000      0.0000
   95 1993      0.0000      0.0000
   96 1993      0.0000      0.0000
   97 1993      0.0000      0.0000
   98 1993      0.0000      0.0000
   99 1993      0.0000      0.0000
  100 1993      0.0000      0.0000
  101 1993      0.0000      0.0000
  102 1993      0.0000      0.0000
  103 1993      0.0000      0.0000
  104 1993      0.0000      0.0000
  105 1993      0.0000      0.0000
  106 1993      0.0000      0.0000
  107 1993      0.0000      0.0000
  108 1993      0.0000      0.0000
  109 1993      0.0000      0.0000
  110 1993      0.0000      0.0000
  111 1993      0.0000      0.0000
  112 1993      0.0000      0.0000
  113 1993      0.0000      0.0000
  114 1993      0.0000      0.0000
  115 1993      0.0000      0.0000
  116 1993      0.0000      0.0000
  117 1993      0.0000      0.0000
  118 1993      0.0000      0.0000
  119 1993      0.0000      0.0000
  120 1993      0.0000      0.0000
  121 1993      0.1129      0.1750
  122 1993      0.1601      0.2356
  123 1993      0.1735      0.2251
  124 1993      0.1903      0.2689
  125 1993      0.2030      0.2707
  126 1993      0.2071      0.3068
  127 1993      0.2157      0.3301
  128 1993      0.2285      0.2990
  129 1993      0.2126      0.2934
  130 1993      0.2334      0.3303
  131 1993      0.2304      0.3470
  132 1993      0.2390      0.3723
  133 1993      0.2439      0.3957
  134 1993      0.2569      0.3904
  135 1993      0.2558      0.4024
  136 1993      0.2725      0.4386
  137 1993      0.2803      0.4463
  138 1993      0.2826      0.4699
  139 1993      0.2917      0.4951
  140 1993      0.3051      0.4923
  141 1993      0.3009      0.4968
  142 1993      0.3160      0.5053
  143 1993      0.3376      0.5562
  144 1993      0.3434      0.6009
  145 1993      0.3492      0.5990
  146 1993      0.3651      0.6001
  147 1993      0.3725      0.6280
  148 1993      0.3713      0.6357
  149 1993      0.3898      0.6689
  150 1993      0.3915      0.6807
  151 1993      0.4074      0.7108
  152 1993      0.3380      0.4360
  153 1993      0.2911      0.3790
  154 1993      0.2657      0.3168
  155 1993      0.2570      0.3348
  156 1993      0.2416      0.3142
  157 1993      0.2211      0.3012
  158 1993      0.2089      0.2928
  159 1993      0.1996      0.2875
  160 1993      0.1933      0.2843
  161 1993      0.1898      0.2824
  162 1993      0.1877      0.2813
  163 1993      0.1742      0.2807
  164 1993      0.1803      0.2803
  165 1993      0.1710      0.2800
  166 1993      0.1653      0.2795
  167 1993      0.1623      0.2790
  168 1993      0.1723      0.2782
  169 1993      0.1636      0.2771
  170 1993      0.1582      0.2759
  171 1993      0.1531      0.2744
  172 1993      0.1515      0.2726
  173 1993      0.1499      0.2706
  174 1993      0.1636      0.2684
  175 1993      0.1583      0.2668
  176 1993      0.1549      0.2649
  177 1993      0.1531      0.2630
  178 1993      0.1527      0.2609
  179 1993      0.1495      0.2587
  180 1993      0.1472      0.2564
  181 1993      0.1480      0.3050
